[-25.76115850012451, -5.929419689451221, 0.0, 3.965455602088716e-10, 0.017794940455897912, -1.4788744171171293, -1.4788744460073417, -1.4788744460073417]
[-5.929419689451221, -7.789692001488443, 0.0, 3.494645465092605e-09, 0.20437054475539843, -3.3283166418702423, -3.3283166845792342, -3.3283166845792342]
[0.0, 0.0, -6.479237813110204, 0.0, 0.0, 0.0, -2.009699191190656, 2.009699191190656]
[3.965455602088716e-10, 3.494645465092605e-09, 0.0, -6.479237813500936, -1.577031629144149e-09, -2.320600727924628, 1.1603003852176985, 1.1603003852176985]
[0.01779494045589791, 0.20437054475539843, 0.0, -1.577031629144149e-09, -6.366819419924213, 1.0024266391585952, 1.0024266560497865, 1.0024266560497865]
[-1.4788744171171293, -3.3283166418702423, 0.0, -2.320600727924628, 1.0024266391585952, -4.662987610039466, -1.2696207441208807, -1.2696207441208807]
[-1.478874446007342, -3.328316684579235, -2.009699191190656, 1.1603003852176985, 1.0024266560497868, -1.2696207441208807, -4.662987638591416, -1.2696207735287772]
[-1.478874446007342, -3.3283166845792342, 2.009699191190656, 1.1603003852176985, 1.0024266560497868, -1.2696207441208807, -1.2696207735287772, -4.662987638591416]
[1.0000000001257372, 0.23503776232267692, 0.0, 0.0, 0.0, 0.05816920600627805, 0.05816920714392832, 0.05816920714392832]
[0.23503776232267698, 1.0000000000170308, 0.0, 0.0, 0.0, 0.4937880468824204, 0.4937880520314412, 0.4937880520314412]
[0.0, 0.0, 0.9999999997922298, 0.0, 0.0, 0.0, 0.3523982465636997, -0.3523982465636997]
[0.0, 0.0, 0.0, 0.9999999997922298, 0.0, 0.40691444424123013, -0.20345722512495218, -0.20345722512495218]
[0.0, 0.0, 0.0, 0.0, 0.9999999997922298, -0.16500087836916102, -0.1650008807870474, -0.1650008807870474]
[0.05816920600627805, 0.4937880468824204, 0.0, 0.40691444424123024, -0.16500087836916102, 0.9999999999792695, 0.21332208205447706, 0.21332208205447706]
[0.05816920714392833, 0.4937880520314412, 0.3523982465636997, -0.20345722512495218, -0.16500088078704736, 0.21332208205447706, 0.9999999999792695, 0.2133220869782798]
[0.05816920714392833, 0.4937880520314412, -0.3523982465636997, -0.20345722512495218, -0.16500088078704736, 0.21332208205447706, 0.2133220869782798, 0.9999999999792695]
-24.85982377539977
[[-9.90089448e-01 -1.58502689e-01  5.56244823e-08  1.91693008e-15
   1.76825336e-01  2.01220711e-01  2.02748958e-05  8.09452143e-15]
 [-4.78207528e-02  3.40838512e-01  5.64493227e-06 -1.11422054e-14
  -8.52625829e-01 -1.22402260e+00 -1.09991277e-04 -4.62347626e-14]
 [-6.29475133e-17 -4.18950927e-16 -2.59696175e-11 -2.78241618e-01
   1.29350103e-14  3.60897936e-14  1.71129287e-11 -1.17642221e+00]
 [-2.35180748e-07 -1.66956493e-05 -2.78248713e-01  2.59708646e-11
   2.47454636e-05  8.25648223e-05 -1.17642053e+00 -1.71135328e-11]
 [ 6.70641661e-03 -1.37665081e-01  1.02330188e-05 -7.48430313e-16
  -7.01007194e-01  7.90617398e-01  4.02703805e-05  1.69416007e-14]
 [ 1.08770967e-02  3.39879366e-01 -7.51932679e-01  7.01873317e-11
   2.38495076e-01  6.16708901e-01  8.20444722e-01  1.19548102e-11]
 [ 1.08768362e-02  3.39881770e-01  3.75954768e-01 -6.51190409e-01
   2.38538006e-01  6.16795478e-01 -4.10154415e-01  7.10482821e-01]
 [ 1.08768362e-02  3.39881770e-01  3.75954768e-01  6.51190409e-01
   2.38538006e-01  6.16795478e-01 -4.10154415e-01 -7.10482821e-01]]
-34.83250652479697
[[-9.92267396e-01 -2.50788039e-01  2.10087077e-06 -1.84311014e-15
   7.31933279e-02 -1.55918902e-01  4.97053978e-06  3.00948790e-14]
 [-3.77889991e-02  9.46642186e-01 -8.82120572e-06  8.97257951e-15
  -3.09381949e-01  1.16205990e+00 -3.36084780e-05 -2.23088369e-13]
 [-1.36238720e-16  8.01401294e-15 -8.95325508e-12 -8.68007531e-01
   3.99407278e-15  1.66200724e-13  1.11150242e-10  8.41397974e-01]
 [ 1.70589378e-07 -5.46413886e-06  8.68024409e-01 -8.95627692e-12
  -2.88811038e-05 -2.09890744e-05 -8.41380561e-01  1.11145786e-10]
 [ 6.35551115e-03 -2.48977469e-01 -2.98399056e-05 -9.54232445e-15
  -9.51740351e-01 -4.09443206e-01  1.37106449e-05  7.60681600e-14]
 [ 8.62702333e-03  2.93283101e-02  1.91725954e-01 -1.97649945e-12
   2.42583280e-02 -7.42541013e-01  1.09623415e+00 -1.44667651e-10]
 [ 8.62708320e-03  2.93209756e-02 -9.58610300e-02 -1.66057467e-01
   2.42637777e-02 -7.42583343e-01 -5.48088826e-01 -9.49346989e-01]
 [ 8.62708320e-03  2.93209756e-02 -9.58610299e-02  1.66057467e-01
   2.42637777e-02 -7.42583343e-01 -5.48088826e-01  9.49346989e-01]]
-26.04526744929103
[[-9.90440003e-01 -1.72609792e-01 -1.33199352e-07  8.02525017e-16
   1.59469313e-01  2.02388708e-01  1.99234445e-05  7.24976339e-15]
 [-4.62219005e-02  4.24723596e-01  6.60291717e-06 -5.39221935e-15
  -7.69121443e-01 -1.25283097e+00 -1.10810721e-04 -4.30250128e-14]
 [-8.23322281e-17 -4.18180521e-16 -2.94199404e-11 -3.38435367e-01
   7.07566453e-15  3.63963420e-14 -1.22079966e-12 -1.16053829e+00]
 [-1.66640465e-07 -1.80639718e-05 -3.38445043e-01  2.94221075e-11
   1.75246816e-05  8.39983616e-05 -1.16053547e+00  1.21988729e-12]
 [ 6.60425264e-03 -1.52968575e-01  1.22325182e-05 -5.76818120e-17
  -7.49946359e-01  7.41364326e-01  4.11429572e-05  1.82809797e-14]
 [ 1.05182538e-02  3.02754386e-01 -7.08699488e-01  6.16115045e-11
   2.11325133e-01  6.45298267e-01  8.58070147e-01 -8.82162797e-13]
 [ 1.05180457e-02  3.02754579e-01  3.54337670e-01 -6.13750987e-01
   2.11365484e-01  6.45393024e-01 -4.28963779e-01  7.43064273e-01]
 [ 1.05180457e-02  3.02754579e-01  3.54337671e-01  6.13750987e-01
   2.11365484e-01  6.45393024e-01 -4.28963779e-01 -7.43064273e-01]]
-33.91786984534302
[[-9.92125062e-01 -2.46754912e-01 -9.74284769e-07 -1.24403226e-15
   7.62226284e-02 -1.61700890e-01 -1.10121681e-05 -4.91112946e-15]
 [-3.84491677e-02  9.14618954e-01  5.16757327e-06  4.93968016e-15
  -3.28161359e-01  1.18235519e+00  7.61824193e-05  3.59015894e-14]
 [-1.15717150e-16  4.89944191e-15 -5.37784633e-13 -8.31962447e-01
   1.30800461e-17 -2.64921728e-14 -4.25356841e-12  8.77055364e-01]
 [ 1.32014703e-07 -1.03249736e-05 -8.31981529e-01  5.36696980e-13
  -2.63996528e-05 -5.22213215e-05  8.77037260e-01  4.25328439e-12]
 [ 6.33816800e-03 -2.39933055e-01  2.89745992e-05 -3.34715685e-15
  -9.45219996e-01 -4.29458639e-01 -2.93569560e-05 -1.46512504e-14]
 [ 8.77175115e-03  4.91973951e-02 -2.37522995e-01  1.55141488e-13
   3.47191351e-02 -7.41034020e-01 -1.08725665e+00 -5.29439700e-12]
 [ 8.77178182e-03  4.91902538e-02  1.18758294e-01 -2.05719585e-01
   3.47262591e-02 -7.41133171e-01  5.43561541e-01 -9.41548852e-01]
 [ 8.77178182e-03  4.91902538e-02  1.18758294e-01  2.05719585e-01
   3.47262591e-02 -7.41133171e-01  5.43561541e-01  9.41548852e-01]]
-30.046899021505823
[[-9.91348584e-01 -2.19360695e-01  1.04710410e-08 -6.52539728e-16
   1.03689255e-01  1.88453178e-01  1.54161658e-05  1.00007581e-14]
 [-4.20546330e-02  7.19423822e-01  4.39924481e-06 -1.29098999e-16
  -4.77673076e-01 -1.26338792e+00 -9.54795161e-05 -6.31699567e-14]
 [-1.34087747e-16  1.24701586e-15 -3.24094013e-12 -6.10323529e-01
   2.91565618e-15  4.56402772e-14  8.22280654e-11 -1.04350027e+00]
 [-5.83482850e-08 -1.71570513e-05 -6.10342985e-01  3.23965448e-12
  -1.07746059e-05  7.10522618e-05 -1.04348889e+00 -8.22268631e-11]
 [ 6.50556393e-03 -2.09078541e-01  2.01378095e-05 -1.89134236e-15
  -8.89935972e-01  5.47486450e-01  3.81217668e-05  2.50491894e-14]
 [ 9.58913460e-03  1.58157896e-01 -4.78924537e-01  2.54745628e-12
   9.81973272e-02  7.19777657e-01  1.00458010e+00  7.91906104e-11]
 [ 9.58902127e-03  1.58152741e-01  2.39453599e-01 -4.14772033e-01
   9.82157533e-02  7.19884152e-01 -5.02216890e-01  8.69941923e-01]
 [ 9.58902127e-03  1.58152741e-01  2.39453599e-01  4.14772033e-01
   9.82157533e-02  7.19884152e-01 -5.02216890e-01 -8.69941923e-01]]
-29.729859958389294
[[-9.91351350e-01 -2.16838810e-01  4.51314961e-07  6.41019578e-17
   1.06129036e-01  1.89992764e-01  2.00318767e-05 -1.02806330e-14]
 [-4.20188025e-02  7.01019324e-01  3.46400128e-06  1.63370833e-15
  -4.98884523e-01 -1.26553561e+00 -1.24786592e-04  6.67625111e-14]
 [-1.01613746e-16  1.17353821e-15  7.05101612e-12  5.91556962e-01
   2.45045066e-15  5.49512766e-14  1.12906537e-11  1.05425233e+00]
 [-3.18067698e-08 -1.98119100e-05 -5.91577482e-01  7.05256134e-12
  -9.62391197e-06  9.51642286e-05 -1.05424082e+00  1.12903580e-11]
 [ 6.26008717e-03 -1.91629227e-01  2.18715014e-05  4.34168308e-16
  -8.79598667e-01  5.70113007e-01  5.08158640e-05 -2.81318349e-14]
 [ 9.55374567e-03  1.70038780e-01 -4.96819857e-01  5.91921953e-12
   1.15028111e-01  7.14535915e-01  9.95866903e-01 -1.07013588e-11]
 [ 9.55364870e-03  1.70035131e-01  2.48399637e-01  4.30269463e-01
   1.15050818e-01  7.14674288e-01 -4.97837293e-01 -8.62382153e-01]
 [ 9.55364870e-03  1.70035131e-01  2.48399637e-01 -4.30269463e-01
   1.15050818e-01  7.14674288e-01 -4.97837292e-01  8.62382153e-01]]
-30.060643445865047
[[-9.91418084e-01 -2.19942704e-01  2.43577499e-07 -1.06114203e-15
  -1.02645267e-01  1.87980137e-01  1.84951156e-05  2.83782575e-15]
 [-4.17156539e-02  7.22178178e-01  3.90558453e-06  4.63161901e-15
   4.78696430e-01 -1.26143888e+00 -1.15938032e-04 -2.01001304e-14]
 [-1.06881024e-16  1.31031498e-15  2.81358395e-11 -6.14020471e-01
   2.24673495e-15 -1.84559822e-14  1.31781897e-11  1.04132919e+00]
 [-2.45872904e-08 -1.88177892e-05 -6.14041016e-01 -2.81391998e-11
   1.16181470e-05  8.74530356e-05 -1.04131707e+00  1.31773531e-11]
 [ 6.29995766e-03 -1.97869644e-01  2.22288280e-05  3.26378992e-16
   8.88232787e-01  5.54377161e-01  4.69313788e-05  7.39367405e-15]
 [ 9.49149249e-03  1.58520870e-01 -4.75358468e-01 -2.17829286e-11
  -1.05212222e-01  7.18690773e-01  1.00628410e+00 -1.27224864e-11]
 [ 9.49140217e-03  1.58516295e-01  2.37669650e-01 -4.11684169e-01
  -1.05232791e-01  7.18821297e-01 -5.03051919e-01 -8.71407443e-01]
 [ 9.49140217e-03  1.58516295e-01  2.37669650e-01  4.11684169e-01
  -1.05232791e-01  7.18821297e-01 -5.03051919e-01  8.71407443e-01]]
-29.886668618948296
[[-9.91381663e-01 -2.18273540e-01  2.58969427e-07 -5.61174019e-16
   1.04521163e-01  1.89080880e-01  1.87331974e-05 -1.15940870e-14]
 [-4.18833410e-02  7.10972427e-01  3.97805488e-06  3.64973124e-15
  -4.88929181e-01 -1.26387186e+00 -1.16853082e-04  7.82191810e-14]
 [-9.30534094e-17  3.12507548e-16 -2.80441784e-11  6.01962105e-01
  -6.09555106e-17  7.58179462e-14 -1.02089551e-10  1.04834596e+00]
 [-3.09369974e-08 -1.90085879e-05 -6.01982416e-01 -2.80480778e-11
  -1.06074263e-05  8.84529307e-05 -1.04833429e+00 -1.02086137e-10]
 [ 6.29994787e-03 -1.95763578e-01  2.18330551e-05 -1.22672255e-15
  -8.84019434e-01  5.61809734e-01  4.73548629e-05 -3.45686750e-14]
 [ 9.52856630e-03  1.64455951e-01 -4.86939680e-01 -2.26870616e-11
   1.09557816e-01  7.16704793e-01  1.00073117e+00  9.74014194e-11]
 [ 9.52847086e-03  1.64451615e-01  2.43460003e-01  4.21713245e-01
   1.09579249e-01  7.16835159e-01 -5.00275364e-01 -8.66598365e-01]
 [ 9.52847086e-03  1.64451615e-01  2.43460003e-01 -4.21713245e-01
   1.09579249e-01  7.16835159e-01 -5.00275365e-01  8.66598365e-01]]
-29.804233857845603
[[-9.91364538e-01 -2.17474187e-01  2.84929142e-07 -3.56124699e-16
  -1.05424361e-01  1.89589629e-01  1.89410551e-05  6.52071050e-15]
 [-4.19619209e-02  7.05607466e-01  3.94569962e-06  2.38583620e-15
   4.93918859e-01 -1.26493529e+00 -1.17909490e-04 -4.33676592e-14]
 [-8.00564604e-17  9.86177147e-16 -2.01361190e-12 -5.96243658e-01
   3.31028377e-16 -3.70567706e-14  5.58333110e-12  1.05160883e+00]
 [-3.34241197e-08 -1.91528782e-05 -5.96263892e-01  2.01323632e-12
   1.01039374e-05  8.94369422e-05 -1.05159735e+00  5.58369000e-12]
 [ 6.29754369e-03 -1.94618933e-01  2.16838360e-05 -5.98714250e-16
   8.81931122e-01  5.65477597e-01  4.78115858e-05  1.95142496e-14]
 [ 9.54565300e-03  1.67304852e-01 -4.92382550e-01  1.66103690e-12
  -1.11743169e-01  7.15706703e-01  9.98064693e-01 -5.27497373e-12]
 [ 9.54555548e-03  1.67300686e-01  2.46181307e-01 -4.26426674e-01
  -1.11765069e-01  7.15837693e-01 -4.98941570e-01 -8.64288771e-01]
 [ 9.54555548e-03  1.67300686e-01  2.46181307e-01  4.26426674e-01
  -1.11765069e-01  7.15837693e-01 -4.98941570e-01  8.64288771e-01]]
-29.938476181683793
[[-9.91392941e-01 -2.18789763e-01  2.98407909e-07 -5.66990487e-16
  -1.03933802e-01  1.88748598e-01  1.88847877e-05  3.05873023e-15]
 [-4.18309021e-02  7.14380600e-01  3.80073598e-06  2.47337057e-15
   4.85891102e-01 -1.26312319e+00 -1.18053666e-04 -2.21377173e-14]
 [-7.99287746e-17  4.35370607e-16  1.13164148e-11 -6.05641589e-01
  -1.60702171e-16 -2.49312316e-14  6.08114881e-11  1.04622459e+00]
 [-2.80287611e-08 -1.90865720e-05 -6.05662073e-01 -1.13178432e-11
   1.08853046e-05  8.93628246e-05 -1.04621273e+00  6.08107952e-11]
 [ 6.29478375e-03 -1.96099578e-01  2.20384642e-05 -1.90929876e-16
   8.85239392e-01  5.59767948e-01  4.78376277e-05  1.07210670e-14]
 [ 9.51635894e-03  1.62701138e-01 -4.83420738e-01 -9.03300869e-12
  -1.08440453e-01  7.17273964e-01  1.00243666e+00 -5.82494644e-11]
 [ 9.51626567e-03  1.62696846e-01  2.41700578e-01 -4.18665985e-01
  -1.08461735e-01  7.17406077e-01 -5.01126906e-01 -8.68074640e-01]
 [ 9.51626567e-03  1.62696846e-01  2.41700578e-01  4.18665985e-01
  -1.08461735e-01  7.17406077e-01 -5.01126906e-01  8.68074640e-01]]
-29.911235744985902
[[-9.91387159e-01 -2.18523315e-01  2.86170916e-07 -7.07875342e-16
   1.04235378e-01  1.88921252e-01  1.88541626e-05 -1.54264445e-14]
 [-4.18576301e-02  7.12605910e-01  3.86586097e-06  5.28463519e-15
  -4.87500055e-01 -1.26350476e+00 -1.17745878e-04  1.00877808e-13]
 [-6.53168365e-17 -8.53408626e-16 -7.85021072e-12  6.03732002e-01
   6.32387709e-15  8.60632513e-14 -3.30049493e-11  1.04732769e+00]
 [-2.93143323e-08 -1.90754247e-05 -6.03752416e-01 -7.85161346e-12
  -1.07372406e-05  8.91482859e-05 -1.04731592e+00 -3.30035193e-11]
 [ 6.29588262e-03 -1.95831668e-01  2.19494899e-05  9.20344135e-16
  -8.84582473e-01  5.60899077e-01  4.77214701e-05 -3.95388766e-14]
 [ 9.52239942e-03  1.63629472e-01 -4.85248631e-01 -6.31085747e-12
   1.09085989e-01  7.16965137e-01  1.00155284e+00  3.15034591e-11]
 [ 9.52230517e-03  1.63625179e-01  2.42614491e-01  4.20248877e-01
   1.09107373e-01  7.17096705e-01 -5.00685358e-01 -8.67309443e-01]
 [ 9.52230517e-03  1.63625179e-01  2.42614491e-01 -4.20248877e-01
   1.09107373e-01  7.17096705e-01 -5.00685358e-01  8.67309443e-01]]
-29.854980942398438
[[-9.91375288e-01 -2.17972611e-01  2.77208057e-07 -3.42274327e-16
  -1.04858854e-01  1.89274382e-01  1.88646324e-05  4.70374013e-15]
 [-4.19124017e-02  7.08933488e-01  3.93905507e-06  1.00570499e-15
   4.90855679e-01 -1.26426943e+00 -1.17599255e-04 -3.27308489e-14]
 [-1.18885026e-16  1.38867149e-15 -2.53151531e-12 -5.99794510e-01
  -1.55919430e-15 -3.42925915e-14  6.94859084e-11  1.04958762e+00]
 [-3.16316897e-08 -1.90950147e-05 -5.99814814e-01  2.52967802e-12
   1.04143401e-05  8.91080818e-05 -1.04957601e+00  6.94845441e-11]
 [ 6.29713990e-03 -1.95217823e-01  2.17958791e-05 -2.10315905e-15
   8.83201455e-01  5.63284247e-01  4.76764851e-05  1.58002155e-14]
 [ 9.53465926e-03  1.65556531e-01 -4.89006505e-01  2.06446714e-12
  -1.10463793e-01  7.16311733e-01  9.99723149e-01 -6.61616972e-11]
 [ 9.53456319e-03  1.65552280e-01  2.44493354e-01 -4.23503090e-01
  -1.10485428e-01  7.16442734e-01 -4.99770857e-01 -8.65725084e-01]
 [ 9.53456319e-03  1.65552280e-01  2.44493354e-01  4.23503090e-01
  -1.10485428e-01  7.16442734e-01 -4.99770857e-01  8.65725084e-01]]
-29.898804086519025
[[-9.91384561e-01 -2.18402454e-01  2.88444146e-07 -1.27653584e-15
  -1.04371878e-01  1.88999268e-01  1.88741185e-05  2.28555595e-15]
 [-4.18696025e-02  7.11797900e-01  3.86584574e-06  6.19974119e-15
   4.88240208e-01 -1.26367402e+00 -1.17830532e-04 -1.59200686e-14]
 [-1.22184034e-16  2.52168693e-15  3.25630039e-11 -6.02865312e-01
   9.66459133e-16 -1.88891422e-14  4.54861357e-11  1.04782682e+00]
 [-2.97491597e-08 -1.90902589e-05 -6.02885710e-01 -3.25668800e-11
   1.06616762e-05  8.92366572e-05 -1.04781508e+00  4.54844824e-11]
 [ 6.29599259e-03 -1.95686923e-01  2.19231070e-05 -6.03367378e-16
   8.84277145e-01  5.61430783e-01  4.77578935e-05  6.82859700e-15]
 [ 9.52506006e-03  1.64055278e-01 -4.86077063e-01 -2.62536316e-11
  -1.09395585e-01  7.16820607e-01  1.00115104e+00 -4.34469956e-11]
 [ 9.52496546e-03  1.64051006e-01  2.43028690e-01 -4.20966282e-01
  -1.09417034e-01  7.16952183e-01 -5.00484439e-01 -8.66961462e-01]
 [ 9.52496546e-03  1.64051006e-01  2.43028690e-01  4.20966282e-01
  -1.09417034e-01  7.16952183e-01 -5.00484439e-01  8.66961462e-01]]
-29.905329908264264
[[-9.91385940e-01 -2.18466176e-01  2.88976191e-07 -1.33328046e-16
   1.04299783e-01  1.88958185e-01  1.88711493e-05 -5.88231018e-15]
 [-4.18632394e-02  7.12223092e-01  3.85934412e-06  2.05234844e-15
  -4.87852251e-01 -1.26358448e+00 -1.17835896e-04  3.63647408e-14]
 [-8.77514616e-17 -7.31582399e-16 -1.24012775e-11  6.03321699e-01
   3.69836870e-15  2.17428358e-14  7.81266036e-11  1.04756410e+00]
 [-2.94856720e-08 -1.90868917e-05 -6.03342109e-01 -1.24007727e-11
  -1.06996893e-05  8.92315030e-05 -1.04755234e+00  7.81258143e-11]
 [ 6.29584132e-03 -1.95757670e-01  2.19401984e-05  1.92130507e-15
  -8.84436571e-01  5.61154928e-01  4.77585945e-05 -1.28067207e-14]
 [ 9.52363522e-03  1.63832057e-01 -4.85640910e-01 -9.98385527e-12
   1.09236359e-01  7.16895919e-01  1.00136271e+00 -7.46953843e-11]
 [ 9.52354083e-03  1.63827778e-01  2.42810622e-01  4.20588585e-01
   1.09257779e-01  7.17027548e-01 -5.00590244e-01 -8.67144757e-01]
 [ 9.52354083e-03  1.63827778e-01  2.42810622e-01 -4.20588585e-01
   1.09257779e-01  7.17027548e-01 -5.00590244e-01  8.67144757e-01]]
-29.878873282958242
[[-9.91380349e-01 -2.18207307e-01  2.82453805e-07 -3.12744694e-16
   1.04592825e-01  1.89124580e-01  1.88664570e-05 -4.04575401e-15]
 [-4.18890412e-02  7.10496944e-01  3.90266719e-06  1.82876637e-15
  -4.89427302e-01 -1.26394626e+00 -1.17703063e-04  2.75927217e-14]
 [-1.23376861e-16  9.11259375e-16 -7.07728402e-12  6.01469666e-01
   1.16209261e-15  3.00066994e-14 -7.02401399e-11  1.04862856e+00]
 [-3.06181788e-08 -1.90905798e-05 -6.01490020e-01 -7.07858668e-12
  -1.05505412e-05  8.91596557e-05 -1.04861688e+00 -7.02380992e-11]
 [ 6.29650821e-03 -1.95473573e-01  2.18638616e-05  4.30645469e-16
  -8.83789270e-01  5.62272681e-01  4.77124392e-05 -1.16811365e-14]
 [ 9.52941939e-03  1.64737467e-01 -4.87409592e-01 -5.73482115e-12
   1.09880803e-01  7.16590047e-01  1.00050283e+00  6.69952321e-11]
 [ 9.52932411e-03  1.64733201e-01  2.43694929e-01  4.22120210e-01
   1.09902335e-01  7.16721336e-01 -5.00160519e-01 -8.66400205e-01]
 [ 9.52932411e-03  1.64733201e-01  2.43694929e-01 -4.22120210e-01
   1.09902335e-01  7.16721336e-01 -5.00160519e-01  8.66400205e-01]]
-29.88933978463297
[[-9.91382562e-01 -2.18309843e-01  2.85324054e-07  1.12605755e-16
   1.04476706e-01  1.89058819e-01  1.88693751e-05 -1.48364049e-14]
 [-4.18788270e-02  7.11180457e-01  3.88440494e-06  2.03586542e-15
  -4.88803354e-01 -1.26380364e+00 -1.17762659e-04  9.65669871e-14]
 [-9.18261500e-17  1.64125927e-15  1.40446396e-11  6.02202703e-01
   8.38644396e-15  7.89516901e-14 -4.39720845e-12  1.04820777e+00]
 [-3.01662319e-08 -1.90897750e-05 -6.02223079e-01  1.40464588e-11
  -1.06092707e-05  8.91940102e-05 -1.04819606e+00 -4.39709685e-12]
 [ 6.29624129e-03 -1.95585906e-01  2.18945272e-05  3.18887299e-15
  -8.84045811e-01  5.61830152e-01  4.77334710e-05 -3.66907601e-14]
 [ 9.52712929e-03  1.64379077e-01 -4.86709941e-01  1.13470277e-11
   1.09625678e-01  7.16711342e-01  1.00084345e+00  4.14557466e-12]
 [ 9.52703437e-03  1.64374807e-01  2.43345117e-01  4.21514335e-01
   1.09647166e-01  7.16842774e-01 -5.00330736e-01 -8.66695133e-01]
 [ 9.52703437e-03  1.64374807e-01  2.43345117e-01 -4.21514335e-01
   1.09647166e-01  7.16842774e-01 -5.00330736e-01  8.66695133e-01]]
-29.89773619440281
[[-9.91384338e-01 -2.18391993e-01  2.87384787e-07 -6.95931386e-16
   1.04383709e-01 -1.89005992e-01  1.88708884e-05  5.85743902e-15]
 [-4.18706319e-02  7.11728237e-01  3.87069680e-06  4.25095592e-15
  -4.88303648e-01  1.26368871e+00 -1.17804980e-04 -3.78549814e-14]
 [-7.28853696e-17  1.24187918e-15 -3.97349438e-13 -6.02790494e-01
  -5.15932533e-15  3.14753943e-14  4.50275756e-12  1.04786986e+00]
 [-2.98063871e-08 -1.90886005e-05 -6.02810888e-01  3.97537742e-13
  -1.06566293e-05 -8.92169341e-05 -1.04785812e+00  4.50330648e-12]
 [ 6.29602505e-03 -1.95675800e-01  2.19187708e-05  9.73622360e-16
  -8.84251125e-01 -5.61475640e-01  4.77482069e-05  1.32983803e-14]
 [ 9.52529165e-03  1.64091776e-01 -4.86148547e-01  3.19311271e-13
   1.09421356e-01 -7.16808342e-01  1.00111631e+00 -4.28092273e-12]
 [ 9.52519701e-03  1.64087503e-01  2.43064431e-01 -4.21028184e-01
   1.09442808e-01 -7.16939881e-01 -5.00467101e-01 -8.66931402e-01]
 [ 9.52519701e-03  1.64087503e-01  2.43064431e-01  4.21028184e-01
   1.09442808e-01 -7.16939881e-01 -5.00467101e-01  8.66931402e-01]]
-29.887827588083073
[[-9.91382243e-01 -2.18295043e-01 -2.84826911e-07 -7.53397780e-16
   1.04493459e-01 -1.89068322e-01  1.88686664e-05 -4.71945120e-16]
 [-4.18802991e-02  7.11081774e-01 -3.88737567e-06  3.34158922e-15
  -4.88893448e-01  1.26382427e+00 -1.17752137e-04  2.60058143e-15]
 [-1.13915817e-16  2.37607775e-15 -1.41617295e-11 -6.02096849e-01
  -2.13075958e-15 -7.37666319e-17 -2.16728166e-11 -1.04826858e+00]
 [-3.02324158e-08 -1.90897271e-05  6.02117222e-01 -1.41628425e-11
  -1.06009059e-05 -8.91874437e-05 -1.04825687e+00  2.16724887e-11]
 [ 6.29627773e-03 -1.95569569e-01 -2.18899806e-05  4.87433702e-16
  -8.84008765e-01 -5.61894127e-01  4.77297122e-05  2.71321990e-16]
 [ 9.52745912e-03  1.64430847e-01  4.86811006e-01 -1.14501488e-11
   1.09662590e-01 -7.16693831e-01  1.00079428e+00 -2.06907979e-11]
 [ 9.52736414e-03  1.64426577e-01 -2.43395647e-01 -4.21601854e-01
   1.09684084e-01 -7.16825240e-01 -5.00306168e-01  8.66652563e-01]
 [ 9.52736414e-03  1.64426577e-01 -2.43395647e-01  4.21601854e-01
   1.09684084e-01 -7.16825240e-01 -5.00306168e-01 -8.66652563e-01]]
-29.888621795072915
[[-9.91382411e-01 -2.18302819e-01  2.85053203e-07 -3.00022101e-16
   1.04484656e-01  1.89063329e-01  1.88689187e-05 -2.80428933e-15]
 [-4.18795242e-02  7.11133614e-01  3.88595455e-06  1.25163464e-15
  -4.88846134e-01 -1.26381343e+00 -1.17756866e-04  1.82165472e-14]
 [-7.59265088e-17 -2.30765837e-16 -2.31465459e-11  6.02152457e-01
   3.48951887e-15  1.64075841e-14 -2.64735131e-11  1.04823664e+00]
 [-3.01980103e-08 -1.90896813e-05 -6.02172832e-01 -2.31492006e-11
  -1.06053475e-05  8.91902235e-05 -1.04822493e+00 -2.64715609e-11]
 [ 6.29625771e-03 -1.95578101e-01  2.18923206e-05  1.51843728e-15
  -8.84028215e-01  5.61860556e-01  4.77313844e-05 -4.90078763e-15]
 [ 9.52728541e-03  1.64403659e-01 -4.86757916e-01 -1.87114776e-11
   1.09643233e-01  7.16703024e-01  1.00082011e+00  2.52645376e-11]
 [ 9.52719046e-03  1.64399389e-01  2.43369103e-01  4.21555879e-01
   1.09664724e-01  7.16834444e-01 -5.00319075e-01 -8.66674927e-01]
 [ 9.52719046e-03  1.64399389e-01  2.43369103e-01 -4.21555879e-01
   1.09664724e-01  7.16834444e-01 -5.00319075e-01  8.66674927e-01]]
-29.893408283315406
[[-9.91383423e-01 -2.18349665e-01  2.86280520e-07 -4.18657777e-16
  -1.04431618e-01  1.89033226e-01  1.88699642e-05  2.06769392e-15]
 [-4.18748530e-02  7.11445965e-01  3.87793351e-06  2.92927083e-15
   4.88561142e-01 -1.26374799e+00 -1.17782205e-04 -1.26568382e-14]
 [-1.29171044e-16  1.37564584e-15  1.20519093e-11 -6.02487574e-01
   3.30482171e-15 -5.95897517e-15 -4.25411989e-11  1.04804406e+00]
 [-2.99923036e-08 -1.90891240e-05 -6.02507959e-01 -1.20531322e-11
   1.06322873e-05  8.92043154e-05 -1.04803233e+00 -4.25404763e-11]
 [ 6.29613488e-03 -1.95629387e-01  2.19062178e-05  1.49664023e-15
   8.84145332e-01  5.61658382e-01  4.77402561e-05  3.40058804e-15]
 [ 9.52623800e-03  1.64239848e-01 -4.86437905e-01 -9.73293252e-12
  -1.09526700e-01  7.16758367e-01  1.00097572e+00  4.06333886e-11]
 [ 9.52614321e-03  1.64235576e-01  2.43209104e-01 -4.21278759e-01
  -1.09548171e-01  7.16889850e-01 -5.00396839e-01 -8.66809665e-01]
 [ 9.52614321e-03  1.64235576e-01  2.43209104e-01  4.21278759e-01
  -1.09548171e-01  7.16889850e-01 -5.00396839e-01  8.66809665e-01]]
-29.890477132978457
[[-9.91382804e-01 -2.18320982e-01  2.85524165e-07 -2.54757020e-16
   1.04464090e-01  1.89051662e-01  1.88693071e-05 -2.17805532e-14]
 [-4.18777131e-02  7.11254710e-01  3.88286542e-06  5.71208137e-15
  -4.88735639e-01 -1.26378808e+00 -1.17766576e-04  1.40453267e-13]
 [-8.43642407e-17 -1.92557493e-16 -9.75543076e-12  6.02282368e-01
   8.72638238e-15  1.11003478e-13  4.94351723e-11  1.04816200e+00]
 [-3.01183265e-08 -1.90894569e-05 -6.02302747e-01 -9.75488978e-12
  -1.06157995e-05  8.91955922e-05 -1.04815028e+00  4.94347612e-11]
 [ 6.29620986e-03 -1.95597971e-01  2.18977010e-05  2.17756208e-15
  -8.84073626e-01  5.61782183e-01  4.77347827e-05 -5.52693437e-14]
 [ 9.52687929e-03  1.64340156e-01 -4.86633873e-01 -7.88772190e-12
   1.09598062e-01  7.16724485e-01  1.00088044e+00 -4.72788733e-11]
 [ 9.52678441e-03  1.64335886e-01  2.43307084e-01  4.21448462e-01
   1.09619545e-01  7.16855930e-01 -5.00349226e-01 -8.66727167e-01]
 [ 9.52678441e-03  1.64335886e-01  2.43307084e-01 -4.21448462e-01
   1.09619545e-01  7.16855930e-01 -5.00349225e-01  8.66727167e-01]]
,-29.889502665227454
[[-9.91382598e-01 -2.18311443e-01  2.85275176e-07 -5.57030510e-16
   1.04474890e-01  1.89057790e-01  1.88690993e-05  1.41420919e-15]
 [-4.18786640e-02  7.11191113e-01  3.88449486e-06  1.70932890e-15
  -4.88793671e-01 -1.26380139e+00 -1.17761450e-04 -6.46181066e-15]
 [-8.19633815e-17  4.80797251e-16  3.85431856e-11 -6.02214141e-01
   3.10915226e-15 -4.58027585e-15  9.03810027e-11 -1.04820120e+00]
 [-3.01601760e-08 -1.90895724e-05 -6.02234517e-01 -3.85492695e-11
  -1.06103134e-05  8.91927505e-05 -1.04818949e+00 -9.03777875e-11]
 [ 6.29623477e-03 -1.95587523e-01  2.18948739e-05 -1.33619846e-15
  -8.84049775e-01  5.61823352e-01  4.77329896e-05  2.60371433e-16]
 [ 9.52709249e-03  1.64373509e-01 -4.86699021e-01 -3.11502171e-11
   1.09621793e-01  7.16713214e-01  1.00084876e+00  8.62953400e-11]
 [ 9.52699757e-03  1.64369239e-01  2.43339657e-01 -4.21504877e-01
   1.09643280e-01  7.16844645e-01 -5.00333392e-01  8.66699732e-01]
 [ 9.52699757e-03  1.64369239e-01  2.43339657e-01  4.21504878e-01
   1.09643280e-01  7.16844645e-01 -5.00333391e-01 -8.66699732e-01]]
-29.89155384906736
[[-9.91383031e-01 -2.18331520e-01  2.85802289e-07 -5.80926735e-16
   1.04452160e-01  1.89044891e-01  1.88695496e-05  6.28992519e-15]
 [-4.18766623e-02  7.11324972e-01  3.88105289e-06  1.40039780e-15
  -4.88671530e-01 -1.26377336e+00 -1.17772324e-04 -4.13822155e-14]
 [-8.88665462e-17  2.24165721e-15  2.03815241e-11 -6.02357752e-01
   2.83509672e-15  3.66049291e-14 -3.32061173e-11 -1.04811868e+00]
 [-3.00720278e-08 -1.90893356e-05 -6.02378133e-01 -2.03833645e-11
  -1.06218569e-05  8.91988029e-05 -1.04810696e+00  3.32058530e-11]
 [ 6.29618226e-03 -1.95609510e-01  2.19008302e-05 -2.27761789e-15
  -8.84099971e-01  5.61736704e-01  4.77367968e-05  1.68760164e-14]
 [ 9.52664369e-03  1.64303307e-01 -4.86561888e-01 -1.64617661e-11
   1.09571847e-01  7.16736935e-01  1.00091545e+00 -3.16856781e-11]
 [ 9.52654883e-03  1.64299036e-01  2.43271093e-01 -4.21386124e-01
   1.09593325e-01  7.16868393e-01 -5.00366718e-01  8.66757476e-01]
 [ 9.52654883e-03  1.64299036e-01  2.43271093e-01  4.21386124e-01
   1.09593325e-01  7.16868393e-01 -5.00366718e-01 -8.66757476e-01]]
-29.890988346236988
[[-9.91382912e-01 -2.18325985e-01  2.85656800e-07  3.46119971e-16
   1.04458426e-01  1.89048447e-01  1.88694246e-05  8.79179625e-16]
 [-4.18772142e-02  7.11288071e-01  3.88200258e-06 -2.52334121e-15
  -4.88705199e-01 -1.26378109e+00 -1.17769320e-04 -5.37448186e-15]
 [-1.30219773e-16  1.18112581e-15  6.68656982e-12  6.02318161e-01
  -8.27583371e-16 -1.04958543e-15 -3.90946094e-11  1.04814143e+00]
 [-3.00963338e-08 -1.90894006e-05 -6.02338541e-01  6.68650670e-12
  -1.06186750e-05  8.91971296e-05 -1.04812971e+00 -3.90932594e-11]
 [ 6.29619674e-03 -1.95603449e-01  2.18991878e-05 -2.71120651e-16
  -8.84086135e-01  5.61760590e-01  4.77357451e-05  2.14071764e-15]
 [ 9.52676742e-03  1.64322660e-01 -4.86599695e-01  5.40323113e-12
   1.09585615e-01  7.16730397e-01  1.00089706e+00  3.73323916e-11]
 [ 9.52667254e-03  1.64318390e-01  2.43289996e-01  4.21418865e-01
   1.09607096e-01  7.16861848e-01 -5.00357531e-01 -8.66741558e-01]
 [ 9.52667254e-03  1.64318390e-01  2.43289996e-01 -4.21418865e-01
   1.09607096e-01  7.16861848e-01 -5.00357531e-01  8.66741558e-01]]
-29.89020804194607
[[-9.91382747e-01 -2.18318348e-01  2.85456515e-07 -2.45575868e-16
   1.04467072e-01  1.89053355e-01  1.88692545e-05 -1.09285674e-14]
 [-4.18779756e-02  7.11237149e-01  3.88331109e-06  2.21986747e-15
  -4.88751663e-01 -1.26379175e+00 -1.17765192e-04  7.07494940e-14]
 [-8.92694347e-17 -5.25424154e-17 -4.70439040e-12  6.02263529e-01
   4.91914526e-15  5.40059492e-14  4.01025356e-11  1.04817282e+00]
 [-3.01298607e-08 -1.90894913e-05 -6.02283907e-01 -4.70434794e-12
  -1.06142836e-05  8.91948339e-05 -1.04816111e+00  4.01026370e-11]
 [ 6.29621668e-03 -1.95595083e-01  2.18969225e-05  9.97627697e-16
  -8.84067039e-01  5.61793553e-01  4.77343001e-05 -2.68967923e-14]
 [ 9.52693813e-03  1.64349366e-01 -4.86651862e-01 -3.80405894e-12
   1.09604617e-01  7.16721373e-01  1.00087169e+00 -3.83284887e-11]
 [ 9.52684324e-03  1.64345096e-01  2.43316079e-01  4.21464040e-01
   1.09626101e-01  7.16852813e-01 -5.00344854e-01 -8.66719592e-01]
 [ 9.52684324e-03  1.64345096e-01  2.43316079e-01 -4.21464040e-01
   1.09626101e-01  7.16852813e-01 -5.00344853e-01  8.66719592e-01]]
-29.890914861835633
[[-9.91382896e-01 -2.18325266e-01  2.85637985e-07 -8.95855864e-16
   1.04459240e-01 -1.89048910e-01  1.88694089e-05  4.38488657e-15]
 [-4.18772858e-02  7.11283276e-01  3.88212564e-06  4.74519349e-15
  -4.88709575e-01  1.26378209e+00 -1.17768934e-04 -2.93818217e-14]
 [-8.33454421e-17  1.40459465e-15  1.54895542e-11 -6.02313016e-01
  -1.85957740e-15  2.81129134e-14  2.88815575e-11  1.04814439e+00]
 [-3.00994892e-08 -1.90894093e-05 -6.02333396e-01 -1.54917987e-11
  -1.06182615e-05 -8.91969152e-05 -1.04813267e+00  2.88806993e-11]
 [ 6.29619860e-03 -1.95602660e-01  2.18989746e-05 -3.20000196e-16
  -8.84084337e-01 -5.61763695e-01  4.77356100e-05  1.20904156e-14]
 [ 9.52678349e-03  1.64325175e-01 -4.86604608e-01 -1.25138857e-11
   1.09587405e-01 -7.16729547e-01  1.00089467e+00 -2.75608242e-11]
 [ 9.52668861e-03  1.64320905e-01  2.43292452e-01 -4.21423119e-01
   1.09608886e-01 -7.16860997e-01 -5.00356338e-01 -8.66739490e-01]
 [ 9.52668861e-03  1.64320905e-01  2.43292452e-01  4.21423119e-01
   1.09608886e-01 -7.16860997e-01 -5.00356338e-01  8.66739490e-01]]
-29.890953456145983
[[-9.91382904e-01 -2.18325644e-01  2.85647878e-07 -4.76154167e-16
  -1.04458812e-01  1.89048667e-01  1.88694173e-05  6.33851781e-15]
 [-4.18772482e-02  7.11285794e-01  3.88206097e-06  3.64327395e-15
   4.88707277e-01 -1.26378157e+00 -1.17769138e-04 -4.08195653e-14]
 [-1.09948399e-16  1.40460891e-15 -5.24930171e-12 -6.02315718e-01
   5.18757973e-15 -3.18602619e-14 -9.45716889e-12  1.04814283e+00]
 [-3.00978309e-08 -1.90894048e-05 -6.02336098e-01  5.24998532e-12
   1.06184787e-05  8.91970285e-05 -1.04813112e+00 -9.45627125e-12]
 [ 6.29619761e-03 -1.95603074e-01  2.18990867e-05  1.38737543e-15
   8.84085281e-01  5.61762064e-01  4.77356813e-05  1.45429875e-14]
 [ 9.52677504e-03  1.64323854e-01 -4.86602027e-01  4.23921762e-12
  -1.09586465e-01  7.16729993e-01  1.00089593e+00  9.05221672e-12]
 [ 9.52668017e-03  1.64319584e-01  2.43291162e-01 -4.21420884e-01
  -1.09607946e-01  7.16861444e-01 -5.00356965e-01 -8.66740576e-01]
 [ 9.52668017e-03  1.64319584e-01  2.43291162e-01  4.21420884e-01
  -1.09607946e-01  7.16861444e-01 -5.00356965e-01  8.66740576e-01]]
-29.89056195606445
[[-9.91382822e-01 -2.18321812e-01  2.85547409e-07  5.40664847e-17
  -1.04463150e-01  1.89051129e-01  1.88693319e-05  6.96839170e-15]
 [-4.18776302e-02  7.11260246e-01  3.88271742e-06 -2.92363479e-17
   4.88730589e-01 -1.26378692e+00 -1.17767066e-04 -4.61153543e-14]
 [-1.23402255e-16 -8.61724537e-16 -1.92460602e-11 -6.02288308e-01
   6.80628088e-15 -3.39707856e-14 -2.58730660e-11  1.04815858e+00]
 [-3.01146529e-08 -1.90894504e-05 -6.02308687e-01  1.92478975e-11
   1.06162754e-05  8.91958765e-05 -1.04814687e+00 -2.58715381e-11]
 [ 6.29620762e-03 -1.95598877e-01  2.18979501e-05  3.44810599e-15
   8.84075701e-01  5.61778602e-01  4.77349562e-05  1.60288313e-14]
 [ 9.52686070e-03  1.64337253e-01 -4.86628201e-01  1.55470280e-11
  -1.09595999e-01  7.16725466e-01  1.00088320e+00  2.47281780e-11]
 [ 9.52676581e-03  1.64332983e-01  2.43304248e-01 -4.21443550e-01
  -1.09617481e-01  7.16856911e-01 -5.00350604e-01 -8.66729555e-01]
 [ 9.52676581e-03  1.64332983e-01  2.43304248e-01  4.21443550e-01
  -1.09617481e-01  7.16856911e-01 -5.00350604e-01  8.66729555e-01]]
-29.89074730435261
[[-9.91382861e-01 -2.18323626e-01  2.85594974e-07  3.92316056e-16
   1.04461096e-01  1.89049963e-01 -1.88693723e-05 -1.91171029e-16]
 [-4.18774493e-02  7.11272341e-01  3.88240665e-06  1.77612228e-16
  -4.88719552e-01 -1.26378438e+00  1.17768047e-04  3.39424269e-15]
 [-7.18644318e-17  7.35662332e-17 -2.05173256e-11 -6.02301285e-01
  -3.39513807e-15  5.24438906e-15  1.51222609e-11  1.04815113e+00]
 [-3.01066889e-08 -1.90894288e-05 -6.02321664e-01  2.05190109e-11
  -1.06173185e-05  8.91964218e-05  1.04813941e+00 -1.51210895e-11]
 [ 6.29620288e-03 -1.95600864e-01  2.18984882e-05  2.69877651e-15
  -8.84080236e-01  5.61770773e-01 -4.77352995e-05 -2.78161094e-15]
 [ 9.52682015e-03  1.64330910e-01 -4.86615810e-01  1.65764656e-11
   1.09591485e-01  7.16727609e-01 -1.00088923e+00  1.44370132e-11]
 [ 9.52672527e-03  1.64326639e-01  2.43298053e-01 -4.21432819e-01
   1.09612967e-01  7.16859057e-01  5.00353615e-01 -8.66734773e-01]
 [ 9.52672527e-03  1.64326639e-01  2.43298053e-01  4.21432819e-01
   1.09612967e-01  7.16859057e-01  5.00353615e-01  8.66734773e-01]]
-29.890855576515182
[[-9.91382884e-01 -2.18324686e-01  2.85622756e-07 -4.50812227e-16
   1.04459897e-01  1.89049282e-01  1.88693959e-05 -7.89523680e-15]
 [-4.18773437e-02  7.11279407e-01  3.88222511e-06  2.24293394e-15
  -4.88713105e-01 -1.26378290e+00 -1.17768620e-04  5.22739184e-14]
 [-4.92405261e-17 -9.25167889e-16 -8.97995528e-12  6.02308865e-01
   1.27201664e-15  4.45626145e-14 -1.60773885e-11  1.04814677e+00]
 [-3.01020366e-08 -1.90894162e-05 -6.02329245e-01 -8.98094017e-12
  -1.06179279e-05  8.91967404e-05 -1.04813506e+00 -1.60763944e-11]
 [ 6.29620011e-03 -1.95602024e-01  2.18988025e-05 -1.33962451e-15
  -8.84082886e-01  5.61766199e-01  4.77355000e-05 -2.11079184e-14]
 [ 9.52679646e-03  1.64327204e-01 -4.86608571e-01 -7.25452951e-12
   1.09588849e-01  7.16728861e-01  1.00089275e+00  1.53213987e-11]
 [ 9.52670158e-03  1.64322934e-01  2.43294434e-01  4.21426551e-01
   1.09610330e-01  7.16860310e-01 -5.00355374e-01 -8.66737821e-01]
 [ 9.52670158e-03  1.64322934e-01  2.43294434e-01 -4.21426551e-01
   1.09610330e-01  7.16860310e-01 -5.00355374e-01  8.66737821e-01]]
-29.890701364438943
[[-9.91382851e-01 -2.18323176e-01  2.85583188e-07 -5.38314381e-16
   1.04461605e-01  1.89050252e-01  1.88693623e-05 -1.29156881e-14]
 [-4.18774942e-02  7.11269343e-01  3.88248366e-06  3.48299551e-15
  -4.88722287e-01 -1.26378501e+00 -1.17767804e-04  8.71992829e-14]
 [-7.69465395e-17  8.05089607e-16 -2.25054431e-11  6.02298069e-01
   5.55060027e-16  8.31935734e-14 -9.79774730e-11  1.04815298e+00]
 [-3.01086628e-08 -1.90894342e-05 -6.02318448e-01 -2.25096650e-11
  -1.06170600e-05  8.91962869e-05 -1.04814126e+00 -9.79738099e-11]
 [ 6.29620406e-03 -1.95600371e-01  2.18983548e-05 -8.56251488e-16
  -8.84079112e-01  5.61772713e-01  4.77352145e-05 -3.83418585e-14]
 [ 9.52683020e-03  1.64332482e-01 -4.86618881e-01 -1.81844857e-11
   1.09592604e-01  7.16727078e-01  1.00088773e+00  9.35030123e-11]
 [ 9.52673532e-03  1.64328212e-01  2.43299589e-01  4.21435479e-01
   1.09614086e-01  7.16858525e-01 -5.00352869e-01 -8.66733480e-01]
 [ 9.52673532e-03  1.64328212e-01  2.43299589e-01 -4.21435479e-01
   1.09614086e-01  7.16858525e-01 -5.00352869e-01  8.66733480e-01]]
-29.890725492421097
[[-9.91382856e-01 -2.18323413e-01  2.85589378e-07 -3.99617106e-16
  -1.04461338e-01  1.89050100e-01  1.88693675e-05  2.43772265e-15]
 [-4.18774706e-02  7.11270918e-01  3.88244321e-06  6.24920889e-16
   4.88720851e-01 -1.26378468e+00 -1.17767931e-04 -1.70266260e-14]
 [-1.16778881e-16  1.45624687e-15 -2.49400668e-11 -6.02299758e-01
   1.32292495e-17 -1.53003877e-14  1.36499834e-11  1.04815201e+00]
 [-3.01076261e-08 -1.90894313e-05 -6.02320137e-01  2.49416908e-11
   1.06171958e-05  8.91963577e-05 -1.04814029e+00  1.36508902e-11]
 [ 6.29620344e-03 -1.95600630e-01  2.18984249e-05 -2.17648780e-15
   8.84079703e-01  5.61771694e-01  4.77352591e-05  7.26345252e-15]
 [ 9.52682492e-03  1.64331656e-01 -4.86617268e-01  2.01515079e-11
  -1.09592016e-01  7.16727357e-01  1.00088852e+00 -1.30237354e-11]
 [ 9.52673004e-03  1.64327386e-01  2.43298782e-01 -4.21434082e-01
  -1.09613498e-01  7.16858805e-01 -5.00353261e-01 -8.66734159e-01]
 [ 9.52673004e-03  1.64327386e-01  2.43298782e-01  4.21434082e-01
  -1.09613498e-01  7.16858805e-01 -5.00353261e-01  8.66734159e-01]]
-29.89079381346587
[[-9.91382871e-01 -2.18324081e-01  2.85606907e-07 -1.92935151e-19
  -1.04460581e-01  1.89049671e-01  1.88693824e-05  4.96837258e-16]
 [-4.18774040e-02  7.11275377e-01  3.88232867e-06 -1.57493405e-15
   4.88716783e-01 -1.26378375e+00 -1.17768293e-04 -5.21838152e-15]
 [-9.77590020e-17  4.41852870e-16 -2.26716554e-13 -6.02304541e-01
  -1.60938984e-15 -8.52436681e-15  4.74108159e-11  1.04814926e+00]
 [-3.01046903e-08 -1.90894234e-05 -6.02324921e-01  2.25178564e-13
   1.06175803e-05  8.91965587e-05 -1.04813754e+00  4.74099955e-11]
 [ 6.29620169e-03 -1.95601362e-01  2.18986232e-05 -6.86450352e-16
   8.84081374e-01  5.61768808e-01  4.77353856e-05  3.63460292e-15]
 [ 9.52680997e-03  1.64329318e-01 -4.86612700e-01  1.83413890e-13
  -1.09590353e-01  7.16728147e-01  1.00089074e+00 -4.52675780e-11]
 [ 9.52671509e-03  1.64325048e-01  2.43296498e-01 -4.21430127e-01
  -1.09611834e-01  7.16859595e-01 -5.00354371e-01 -8.66736082e-01]
 [ 9.52671509e-03  1.64325048e-01  2.43296498e-01  4.21430127e-01
  -1.09611834e-01  7.16859595e-01 -5.00354371e-01  8.66736082e-01]]
-29.890745258507163
[[-9.91382860e-01 -2.18323606e-01  2.85594451e-07 -6.57063159e-16
   1.04461119e-01  1.89049976e-01  1.88693719e-05 -5.18270669e-15]
 [-4.18774513e-02  7.11272208e-01  3.88241007e-06  4.06841926e-15
  -4.88719674e-01 -1.26378441e+00 -1.17768036e-04  3.43213287e-14]
 [-8.48174772e-17 -3.27589683e-16 -3.20173397e-11  6.02301142e-01
  -8.00476669e-16  2.80433301e-14  2.16202926e-11  1.04815121e+00]
 [-3.01067767e-08 -1.90894290e-05 -6.02321521e-01 -3.20191794e-11
  -1.06173070e-05  8.91964159e-05 -1.04813949e+00  2.16211603e-11]
 [ 6.29620294e-03 -1.95600842e-01  2.18984822e-05 -6.46136136e-16
  -8.84080186e-01  5.61770859e-01  4.77352958e-05 -1.55514975e-14]
 [ 9.52682059e-03  1.64330980e-01 -4.86615947e-01 -2.58687299e-11
   1.09591535e-01  7.16727586e-01  1.00088916e+00 -2.06641905e-11]
 [ 9.52672571e-03  1.64326709e-01  2.43298121e-01  4.21432938e-01
   1.09613017e-01  7.16859033e-01 -5.00353582e-01 -8.66734715e-01]
 [ 9.52672571e-03  1.64326709e-01  2.43298121e-01 -4.21432938e-01
   1.09613017e-01  7.16859033e-01 -5.00353582e-01  8.66734715e-01]]
-29.890734877206135
[[-9.91382858e-01 -2.18323504e-01  2.85591784e-07  5.03352565e-17
   1.04461234e-01  1.89050041e-01  1.88693696e-05 -1.47446240e-14]
 [-4.18774615e-02  7.11271530e-01  3.88242748e-06  2.06080123e-15
  -4.88720292e-01 -1.26378455e+00 -1.17767981e-04  9.75034781e-14]
 [-7.51564494e-17  8.61993952e-16 -8.41438522e-12  6.02300415e-01
   1.86712104e-15  8.71397186e-14 -6.27928537e-11  1.04815163e+00]
 [-3.01072228e-08 -1.90894302e-05 -6.02320794e-01 -8.41608533e-12
  -1.06172486e-05  8.91963854e-05 -1.04813991e+00 -6.27906593e-11]
 [ 6.29620320e-03 -1.95600731e-01  2.18984521e-05  8.43554905e-17
  -8.84079932e-01  5.61771298e-01  4.77352765e-05 -4.18472671e-14]
 [ 9.52682286e-03  1.64331335e-01 -4.86616641e-01 -6.80149944e-12
   1.09591788e-01  7.16727466e-01  1.00088882e+00  5.99030438e-11]
 [ 9.52672798e-03  1.64327065e-01  2.43298468e-01  4.21433539e-01
   1.09613270e-01  7.16858913e-01 -5.00353413e-01 -8.66734423e-01]
 [ 9.52672798e-03  1.64327065e-01  2.43298468e-01 -4.21433539e-01
   1.09613270e-01  7.16858913e-01 -5.00353413e-01  8.66734423e-01]]
-29.890765830954166
[[-9.91382865e-01 -2.18323807e-01  2.85599727e-07 -1.20117260e-15
  -1.04460891e-01  1.89049847e-01  1.88693763e-05  3.89687023e-15]
 [-4.18774313e-02  7.11273550e-01  3.88237559e-06  6.91464207e-15
   4.88718449e-01 -1.26378413e+00 -1.17768145e-04 -2.57214221e-14]
 [-9.94167325e-17  1.44219674e-15  2.48960445e-11 -6.02302582e-01
   6.11488222e-15 -2.67700051e-14  5.80321978e-11  1.04815038e+00]
 [-3.01058927e-08 -1.90894266e-05 -6.02322962e-01 -2.48996163e-11
   1.06174228e-05  8.91964763e-05 -1.04813867e+00  5.80305797e-11]
 [ 6.29620241e-03 -1.95601062e-01  2.18985420e-05  2.48114152e-15
   8.84080690e-01  5.61769990e-01  4.77353338e-05  7.96510186e-15]
 [ 9.52681609e-03  1.64330276e-01 -4.86614571e-01 -2.01155409e-11
  -1.09591034e-01  7.16727824e-01  1.00088983e+00 -5.53976457e-11]
 [ 9.52672121e-03  1.64326005e-01  2.43297434e-01 -4.21431747e-01
  -1.09612516e-01  7.16859272e-01 -5.00353916e-01 -8.66735294e-01]
 [ 9.52672121e-03  1.64326005e-01  2.43297434e-01  4.21431747e-01
  -1.09612516e-01  7.16859272e-01 -5.00353916e-01  8.66735294e-01]]
-29.890755026149154
[[-9.91382863e-01 -2.18323702e-01  2.85596957e-07 -1.29861852e-16
   1.04461011e-01  1.89049915e-01  1.88693740e-05 -4.99154213e-15]
 [-4.18774418e-02  7.11272845e-01  3.88239369e-06  2.71679958e-16
  -4.88719092e-01 -1.26378428e+00 -1.17768088e-04  3.32122718e-14]
 [-7.68057197e-17 -3.89197746e-17 -4.65915341e-12  6.02301826e-01
  -2.98541164e-16  2.70124124e-14  8.11266095e-12  1.04815082e+00]
 [-3.01063570e-08 -1.90894279e-05 -6.02322205e-01 -4.65934759e-12
  -1.06173620e-05  8.91964446e-05 -1.04813910e+00  8.11307818e-12]
 [ 6.29620269e-03 -1.95600947e-01  2.18985106e-05 -9.51381392e-16
  -8.84080425e-01  5.61770446e-01  4.77353138e-05 -1.42032407e-14]
 [ 9.52681846e-03  1.64330646e-01 -4.86615294e-01 -3.76476031e-12
   1.09591297e-01  7.16727699e-01  1.00088948e+00 -7.76512065e-12]
 [ 9.52672358e-03  1.64326375e-01  2.43297795e-01  4.21432372e-01
   1.09612779e-01  7.16859146e-01 -5.00353741e-01 -8.66734990e-01]
 [ 9.52672358e-03  1.64326375e-01  2.43297795e-01 -4.21432372e-01
   1.09612779e-01  7.16859146e-01 -5.00353741e-01  8.66734990e-01]]
-29.890744443770522
[[-9.91382860e-01 -2.18323598e-01  2.85594243e-07  8.29340873e-17
   1.04461128e-01  1.89049981e-01  1.88693717e-05  4.08302284e-15]
 [-4.18774521e-02  7.11272155e-01  3.88241143e-06 -1.24563945e-15
  -4.88719722e-01 -1.26378442e+00 -1.17768032e-04 -2.81482476e-14]
 [-1.02760790e-16 -9.39572800e-16  6.46900868e-12  6.02301085e-01
  -1.64641479e-15 -2.51024129e-14  1.40123616e-11  1.04815124e+00]
 [-3.01068117e-08 -1.90894291e-05 -6.02321464e-01  6.46972626e-12
  -1.06173024e-05  8.91964136e-05 -1.04813953e+00  1.40126382e-11]
 [ 6.29620296e-03 -1.95600833e-01  2.18984799e-05 -1.41607847e-15
  -8.84080166e-01  5.61770893e-01  4.77352943e-05  1.21736276e-14]
 [ 9.52682077e-03  1.64331008e-01 -4.86616001e-01  5.22917033e-12
   1.09591555e-01  7.16727576e-01  1.00088913e+00 -1.33646132e-11]
 [ 9.52672589e-03  1.64326737e-01  2.43298149e-01  4.21432985e-01
   1.09613037e-01  7.16859024e-01 -5.00353569e-01 -8.66734692e-01]
 [ 9.52672589e-03  1.64326737e-01  2.43298149e-01 -4.21432985e-01
   1.09613037e-01  7.16859024e-01 -5.00353569e-01  8.66734692e-01]]
-29.890755676477735
[[-9.91382863e-01 -2.18323708e-01  2.85597122e-07  7.54264340e-16
   1.04461004e-01  1.89049911e-01 -1.88693741e-05 -6.11831808e-16]
 [-4.18774412e-02  7.11272888e-01  3.88239261e-06 -3.64667504e-15
  -4.88719053e-01 -1.26378427e+00  1.17768091e-04  3.71437170e-15]
 [-1.10067581e-16 -5.44881209e-17 -4.33332475e-11 -6.02301871e-01
   3.17869782e-15  2.81662176e-15 -4.29520749e-12  1.04815079e+00]
 [-3.01063291e-08 -1.90894278e-05 -6.02322251e-01  4.33358794e-11
  -1.06173656e-05  8.91964465e-05  1.04813908e+00  4.29672254e-12]
 [ 6.29620267e-03 -1.95600953e-01  2.18985125e-05 -1.99591251e-15
  -8.84080441e-01  5.61770419e-01 -4.77353150e-05  9.30550220e-16]
 [ 9.52681831e-03  1.64330623e-01 -4.86615250e-01  3.50104365e-11
   1.09591281e-01  7.16727706e-01 -1.00088950e+00 -4.10359712e-12]
 [ 9.52672343e-03  1.64326353e-01  2.43297773e-01 -4.21432335e-01
   1.09612763e-01  7.16859154e-01  5.00353751e-01 -8.66735009e-01]
 [ 9.52672343e-03  1.64326353e-01  2.43297773e-01  4.21432335e-01
   1.09612763e-01  7.16859154e-01  5.00353751e-01  8.66735009e-01]]
-29.890755334920257
[[-9.91382863e-01 -2.18323705e-01  2.85597034e-07 -8.89661969e-16
   1.04461007e-01  1.89049913e-01  1.88693740e-05 -1.55196525e-14]
 [-4.18774415e-02  7.11272865e-01  3.88239318e-06  7.02143754e-15
  -4.88719074e-01 -1.26378427e+00 -1.17768089e-04  1.01962207e-13]
 [-1.00234863e-16  5.81127602e-16 -1.13297576e-11  6.02301847e-01
   7.32634617e-15  9.03663458e-14 -5.48537274e-11  1.04815080e+00]
 [-3.01063437e-08 -1.90894279e-05 -6.02322227e-01 -1.13312154e-11
  -1.06173637e-05  8.91964455e-05 -1.04813909e+00 -5.48520221e-11]
 [ 6.29620268e-03 -1.95600950e-01  2.18985115e-05  1.93874126e-15
  -8.84080433e-01  5.61770433e-01  4.77353144e-05 -4.02744780e-14]
 [ 9.52681839e-03  1.64330635e-01 -4.86615273e-01 -9.15620498e-12
   1.09591290e-01  7.16727702e-01  1.00088949e+00  5.23191399e-11]
 [ 9.52672351e-03  1.64326365e-01  2.43297785e-01  4.21432355e-01
   1.09612771e-01  7.16859150e-01 -5.00353746e-01 -8.66734999e-01]
 [ 9.52672351e-03  1.64326365e-01  2.43297785e-01 -4.21432354e-01
   1.09612771e-01  7.16859150e-01 -5.00353746e-01  8.66734999e-01]]
-17.95351800818957
[-13.60799376  -0.68302905  -0.31226492  -0.31225108  -0.02983886
   0.38948816   0.45904641   0.45907939]
[[-1.35963403e+01 -3.53420992e+00  1.24262427e-17 -2.50129892e-07
   1.88691418e-02 -8.83551448e-01 -8.83552240e-01 -8.83552240e-01]
 [-3.53420992e+00 -1.47589299e+00  1.04423050e-16  1.14614064e-05
   1.55349903e-01 -6.25766608e-01 -6.25767194e-01 -6.25767194e-01]
 [ 1.61983505e-17  1.10933211e-16 -1.64762712e-01  3.60978814e-17
  -4.98669156e-17  5.15684310e-17 -2.15430296e-01  2.15430296e-01]
 [-2.50129892e-07  1.14614064e-05  3.41938826e-17 -1.64792009e-01
   2.56122628e-06 -2.48755160e-01  1.24383857e-01  1.24383857e-01]
 [ 1.88691418e-02  1.55349903e-01 -5.33982117e-17  2.56122628e-06
  -6.20128212e-02  1.43323383e-01  1.43317758e-01  1.43317758e-01]
 [-8.83551448e-01 -6.25766608e-01  5.20451595e-17 -2.48755160e-01
   1.43323383e-01 -3.33468267e-01 -2.38448575e-01 -2.38448575e-01]
 [-8.83552240e-01 -6.25767194e-01 -2.15430296e-01  1.24383857e-01
   1.43317758e-01 -2.38448575e-01 -3.33465263e-01 -2.38450398e-01]
 [-8.83552240e-01 -6.25767194e-01  2.15430296e-01  1.24383857e-01
   1.43317758e-01 -2.38448575e-01 -2.38450398e-01 -3.33465263e-01]]
[[-1.33096893e+01 -1.94725881e+00 -9.26333746e-16 -2.21024925e-06
   2.90199313e-02 -1.44127704e-01 -1.44129475e-01 -1.44129475e-01]
 [-1.94725881e+00 -5.42267049e-01  7.92572632e-16  1.34659302e-05
   2.67456184e-02 -3.05972763e-01 -3.05967791e-01 -3.05967791e-01]
 [-9.79090474e-16  8.53795880e-16  3.26751005e-02 -1.36230346e-16
   1.35747676e-16 -7.12149983e-16 -2.71180755e-01  2.71180755e-01]
 [-2.21024925e-06  1.34659302e-05 -3.63768428e-16  3.26377875e-02
   1.17426569e-06 -3.13121940e-01  1.56563311e-01  1.56563311e-01]
 [ 2.90199313e-02  2.67456184e-02  5.07581643e-17  1.17426569e-06
  -1.14448639e-02  1.13206653e-01  1.13200399e-01  1.13200399e-01]
 [-1.44127704e-01 -3.05972763e-01 -5.51839754e-16 -3.13121940e-01
   1.13206653e-01  5.34374948e-02 -6.07055530e-02 -6.07055530e-02]
 [-1.44129475e-01 -3.05967791e-01 -2.71180755e-01  1.56563311e-01
   1.13200399e-01 -6.07055530e-02  5.34435630e-02 -6.07096508e-02]
 [-1.44129475e-01 -3.05967791e-01  2.71180755e-01  1.56563311e-01
   1.13200399e-01 -6.07055530e-02 -6.07096508e-02  5.34435630e-02]]
Successfully completed!
[[-9.91382863e-01 -2.18323708e-01  2.85597122e-07  7.54264340e-16
   1.04461004e-01  1.89049911e-01 -1.88693741e-05 -6.11831808e-16]
 [-4.18774412e-02  7.11272888e-01  3.88239261e-06 -3.64667504e-15
  -4.88719053e-01 -1.26378427e+00  1.17768091e-04  3.71437170e-15]
 [-1.10067581e-16 -5.44881209e-17 -4.33332475e-11 -6.02301871e-01
   3.17869782e-15  2.81662176e-15 -4.29520749e-12  1.04815079e+00]
 [-3.01063291e-08 -1.90894278e-05 -6.02322251e-01  4.33358794e-11
  -1.06173656e-05  8.91964465e-05  1.04813908e+00  4.29672254e-12]
 [ 6.29620267e-03 -1.95600953e-01  2.18985125e-05 -1.99591251e-15
  -8.84080441e-01  5.61770419e-01 -4.77353150e-05  9.30550220e-16]
 [ 9.52681831e-03  1.64330623e-01 -4.86615250e-01  3.50104365e-11
   1.09591281e-01  7.16727706e-01 -1.00088950e+00 -4.10359712e-12]
 [ 9.52672343e-03  1.64326353e-01  2.43297773e-01 -4.21432335e-01
   1.09612763e-01  7.16859154e-01  5.00353751e-01 -8.66735009e-01]
 [ 9.52672343e-03  1.64326353e-01  2.43297773e-01  4.21432335e-01
   1.09612763e-01  7.16859154e-01  5.00353751e-01  8.66735009e-01]]